,Basic Box Score Stats
Starters,MP,FG,FGA,FG%,3P,3PA,3P%,FT,FTA,FT%,ORB,DRB,TRB,AST,STL,BLK,TOV,PF,PTS,+/-
Tobias Harris,37:49,10,18,.556,2,4,.500,4,4,1.000,6,4,10,2,2,0,2,2,26,-15
Kelly Oubre Jr.,34:36,7,14,.500,0,3,.000,1,2,.500,3,3,6,0,1,0,2,2,15,-15
Joel Embiid,29:48,5,18,.278,2,6,.333,2,2,1.000,1,6,7,2,2,0,8,5,14,-21
Danuel House Jr.,29:08,1,4,.250,1,3,.333,4,4,1.000,1,0,1,0,2,0,0,2,7,-21
Patrick Beverley,27:35,4,12,.333,2,4,.500,2,2,1.000,2,3,5,2,2,1,1,4,12,-19
Reserves,MP,FG,FGA,FG%,3P,3PA,3P%,FT,FTA,FT%,ORB,DRB,TRB,AST,STL,BLK,TOV,PF,PTS,+/-
KJ Martin,26:25,1,2,.500,0,1,.000,0,3,.000,0,2,2,0,1,1,2,3,2,+16
Furkan Korkmaz,22:12,6,8,.750,5,6,.833,2,3,.667,0,2,2,3,0,0,0,1,19,+5
Jaden Springer,21:02,4,7,.571,1,3,.333,1,1,1.000,0,5,5,2,4,0,1,4,10,+8
Paul Reed,9:53,0,1,.000,0,0,,0,0,,0,1,1,0,0,0,0,1,0,+3
Ricky Council IV,1:32,1,1,1.000,0,0,,0,0,,0,0,0,0,0,0,0,0,2,-1
Mo Bamba,Did Not Play
Marcus Morris,Did Not Dress
Terquavion Smith,Did Not Play
Team Totals,240,39,85,.459,13,30,.433,16,21,.762,13,26,39,11,14,2,16,24,107,
,Basic Box Score Stats
Starters,MP,FG,FGA,FG%,3P,3PA,3P%,FT,FTA,FT%,ORB,DRB,TRB,AST,STL,BLK,TOV,PF,PTS,+/-
Tobias Harris,6:53,3,7,.429,0,1,.000,2,2,1.000,3,1,4,0,2,0,0,0,8,-2
Kelly Oubre Jr.,6:23,1,5,.200,0,1,.000,0,0,,2,0,2,0,0,0,0,0,2,-3
Joel Embiid,9:44,1,7,.143,1,2,.500,1,1,1.000,1,1,2,1,2,0,1,0,4,+3
Danuel House Jr.,9:47,1,2,.500,1,2,.500,0,0,,1,0,1,0,1,0,0,1,3,+3
Patrick Beverley,9:44,2,4,.500,1,2,.500,2,2,1.000,1,0,1,0,0,0,0,0,7,+3
Reserves,MP,FG,FGA,FG%,3P,3PA,3P%,FT,FTA,FT%,ORB,DRB,TRB,AST,STL,BLK,TOV,PF,PTS,+/-
KJ Martin,7:23,0,1,.000,0,1,.000,0,0,,0,1,1,0,0,0,0,0,0,+9
Furkan Korkmaz,2:13,0,0,,0,0,,0,0,,0,0,0,0,0,0,0,1,0,+2
Jaden Springer,5:37,2,3,.667,0,1,.000,0,0,,0,3,3,0,2,0,1,0,4,+8
Paul Reed,2:16,0,0,,0,0,,0,0,,0,0,0,0,0,0,0,0,0,+2
Ricky Council IV, 
Mo Bamba,Did Not Play
Marcus Morris,Did Not Dress
Terquavion Smith,Did Not Play
Team Totals,60,10,29,.345,3,10,.300,5,5,1.000,8,6,14,1,7,0,2,2,28,
,Basic Box Score Stats
Starters,MP,FG,FGA,FG%,3P,3PA,3P%,FT,FTA,FT%,ORB,DRB,TRB,AST,STL,BLK,TOV,PF,PTS,+/-
Tobias Harris,11:05,3,4,.750,1,1,1.000,0,0,,1,2,3,1,0,0,0,1,7,-9
Kelly Oubre Jr.,8:56,3,4,.750,0,1,.000,0,0,,0,1,1,0,0,0,0,0,6,-6
Joel Embiid,7:07,2,4,.500,0,1,.000,0,0,,0,2,2,1,0,0,3,2,4,-3
Danuel House Jr.,7:33,0,1,.000,0,1,.000,0,0,,0,0,0,0,1,0,0,1,0,-6
Patrick Beverley,8:56,1,3,.333,1,1,1.000,0,0,,0,1,1,1,1,1,1,2,3,-6
Reserves,MP,FG,FGA,FG%,3P,3PA,3P%,FT,FTA,FT%,ORB,DRB,TRB,AST,STL,BLK,TOV,PF,PTS,+/-
KJ Martin,5:22,0,0,,0,0,,0,0,,0,1,1,0,1,0,1,1,0,+1
Furkan Korkmaz,3:04,1,2,.500,0,0,,0,1,.000,0,1,1,0,0,0,0,0,2,-1
Jaden Springer,3:04,0,1,.000,0,1,.000,0,0,,0,0,0,0,0,0,0,0,0,-1
Paul Reed,4:53,0,1,.000,0,0,,0,0,,0,1,1,0,0,0,0,1,0,-4
Ricky Council IV, 
Mo Bamba,Did Not Play
Marcus Morris,Did Not Dress
Terquavion Smith,Did Not Play
Team Totals,60,10,20,.500,2,6,.333,0,1,.000,1,9,10,3,3,1,5,8,22,
,Basic Box Score Stats
Starters,MP,FG,FGA,FG%,3P,3PA,3P%,FT,FTA,FT%,ORB,DRB,TRB,AST,STL,BLK,TOV,PF,PTS,+/-
Tobias Harris,17:58,6,11,.545,1,2,.500,2,2,1.000,4,3,7,1,2,0,0,1,15,-11
Kelly Oubre Jr.,15:19,4,9,.444,0,2,.000,0,0,,2,1,3,0,0,0,0,0,8,-9
Joel Embiid,16:51,3,11,.273,1,3,.333,1,1,1.000,1,3,4,2,2,0,4,2,8,0
Danuel House Jr.,17:20,1,3,.333,1,3,.333,0,0,,1,0,1,0,2,0,0,2,3,-3
Patrick Beverley,18:40,3,7,.429,2,3,.667,2,2,1.000,1,1,2,1,1,1,1,2,10,-3
Reserves,MP,FG,FGA,FG%,3P,3PA,3P%,FT,FTA,FT%,ORB,DRB,TRB,AST,STL,BLK,TOV,PF,PTS,+/-
KJ Martin,12:45,0,1,.000,0,1,.000,0,0,,0,2,2,0,1,0,1,1,0,+10
Furkan Korkmaz,5:17,1,2,.500,0,0,,0,1,.000,0,1,1,0,0,0,0,1,2,+1
Jaden Springer,8:41,2,4,.500,0,2,.000,0,0,,0,3,3,0,2,0,1,0,4,+7
Paul Reed,7:09,0,1,.000,0,0,,0,0,,0,1,1,0,0,0,0,1,0,-2
Ricky Council IV, 
Mo Bamba,Did Not Play
Marcus Morris,Did Not Dress
Terquavion Smith,Did Not Play
Team Totals,120,20,49,.408,5,16,.312,5,6,.833,9,15,24,4,10,1,7,10,50,
,Basic Box Score Stats
Starters,MP,FG,FGA,FG%,3P,3PA,3P%,FT,FTA,FT%,ORB,DRB,TRB,AST,STL,BLK,TOV,PF,PTS,+/-
Tobias Harris,9:23,2,4,.500,0,1,.000,2,2,1.000,1,1,2,1,0,0,0,0,6,-2
Kelly Oubre Jr.,9:11,1,2,.500,0,0,,0,0,,1,1,2,0,0,0,1,1,2,-7
Joel Embiid,9:16,2,6,.333,1,2,.500,0,0,,0,2,2,0,0,0,1,2,5,-12
Danuel House Jr.,8:07,0,1,.000,0,0,,2,2,1.000,0,0,0,0,0,0,0,0,2,-9
Patrick Beverley,5:14,1,4,.250,0,1,.000,0,0,,1,2,3,1,0,0,0,1,2,-7
Reserves,MP,FG,FGA,FG%,3P,3PA,3P%,FT,FTA,FT%,ORB,DRB,TRB,AST,STL,BLK,TOV,PF,PTS,+/-
KJ Martin,5:21,1,1,1.000,0,0,,0,1,.000,0,0,0,0,0,1,1,1,2,0
Furkan Korkmaz,6:42,2,3,.667,2,3,.667,2,2,1.000,0,1,1,1,0,0,0,0,8,+2
Jaden Springer,4:02,0,0,,0,0,,0,0,,0,1,1,0,1,0,0,2,0,-5
Paul Reed,2:44,0,0,,0,0,,0,0,,0,0,0,0,0,0,0,0,0,+5
Ricky Council IV, 
Mo Bamba,Did Not Play
Marcus Morris,Did Not Dress
Terquavion Smith,Did Not Play
Team Totals,60,9,21,.429,3,7,.429,6,7,.857,3,8,11,3,1,1,3,7,27,
,Basic Box Score Stats
Starters,MP,FG,FGA,FG%,3P,3PA,3P%,FT,FTA,FT%,ORB,DRB,TRB,AST,STL,BLK,TOV,PF,PTS,+/-
Tobias Harris,10:28,2,3,.667,1,1,1.000,0,0,,1,0,1,0,0,0,2,1,5,-2
Kelly Oubre Jr.,10:06,2,3,.667,0,1,.000,1,2,.500,0,1,1,0,1,0,1,1,5,+1
Joel Embiid,3:41,0,1,.000,0,1,.000,1,1,1.000,0,1,1,0,0,0,3,1,1,-9
Danuel House Jr.,3:41,0,0,,0,0,,2,2,1.000,0,0,0,0,0,0,0,0,2,-9
Patrick Beverley,3:41,0,1,.000,0,0,,0,0,,0,0,0,0,1,0,0,1,0,-9
Reserves,MP,FG,FGA,FG%,3P,3PA,3P%,FT,FTA,FT%,ORB,DRB,TRB,AST,STL,BLK,TOV,PF,PTS,+/-
KJ Martin,8:19,0,0,,0,0,,0,2,.000,0,0,0,0,0,0,0,1,0,+6
Furkan Korkmaz,10:13,3,3,1.000,3,3,1.000,0,0,,0,0,0,2,0,0,0,0,9,+2
Jaden Springer,8:19,2,3,.667,1,1,1.000,1,1,1.000,0,1,1,2,1,0,0,2,6,+6
Paul Reed, 
Ricky Council IV,1:32,1,1,1.000,0,0,,0,0,,0,0,0,0,0,0,0,0,2,-1
Mo Bamba,Did Not Play
Marcus Morris,Did Not Dress
Terquavion Smith,Did Not Play
Team Totals,60,10,15,.667,5,7,.714,5,8,.625,1,3,4,4,3,0,6,7,30,
,Basic Box Score Stats
Starters,MP,FG,FGA,FG%,3P,3PA,3P%,FT,FTA,FT%,ORB,DRB,TRB,AST,STL,BLK,TOV,PF,PTS,+/-
Tobias Harris,19:51,4,7,.571,1,2,.500,2,2,1.000,2,1,3,1,0,0,2,1,11,-4
Kelly Oubre Jr.,19:17,3,5,.600,0,1,.000,1,2,.500,1,2,3,0,1,0,2,2,7,-6
Joel Embiid,12:57,2,7,.286,1,3,.333,1,1,1.000,0,3,3,0,0,0,4,3,6,-21
Danuel House Jr.,11:48,0,1,.000,0,0,,4,4,1.000,0,0,0,0,0,0,0,0,4,-18
Patrick Beverley,8:55,1,5,.200,0,1,.000,0,0,,1,2,3,1,1,0,0,2,2,-16
Reserves,MP,FG,FGA,FG%,3P,3PA,3P%,FT,FTA,FT%,ORB,DRB,TRB,AST,STL,BLK,TOV,PF,PTS,+/-
KJ Martin,13:40,1,1,1.000,0,0,,0,3,.000,0,0,0,0,0,1,1,2,2,+6
Furkan Korkmaz,16:55,5,6,.833,5,6,.833,2,2,1.000,0,1,1,3,0,0,0,0,17,+4
Jaden Springer,12:21,2,3,.667,1,1,1.000,1,1,1.000,0,2,2,2,2,0,0,4,6,+1
Paul Reed,2:44,0,0,,0,0,,0,0,,0,0,0,0,0,0,0,0,0,+5
Ricky Council IV,1:32,1,1,1.000,0,0,,0,0,,0,0,0,0,0,0,0,0,2,-1
Mo Bamba,Did Not Play
Marcus Morris,Did Not Dress
Terquavion Smith,Did Not Play
Team Totals,120,19,36,.528,8,14,.571,11,15,.733,4,11,15,7,4,1,9,14,57,
,Advanced Box Score Stats
Starters,MP,TS%,eFG%,3PAr,FTr,ORB%,DRB%,TRB%,AST%,STL%,BLK%,TOV%,USG%,ORtg,DRtg,BPM
Tobias Harris,37:49,.658,.611,.222,.222,16.2,14.9,15.7,9.6,2.7,0.0,9.2,25.1,138,127,6.5
Kelly Oubre Jr.,34:36,.504,.500,.214,.143,8.9,12.2,10.3,0.0,1.5,0.0,11.8,21.2,102,130,-7.4
Joel Embiid,29:48,.371,.333,.333,.111,3.4,28.4,13.9,10.4,3.4,0.0,29.8,39.3,62,123,-19.3
Danuel House Jr.,29:08,.608,.375,.750,1.000,3.5,0.0,2.0,0.0,3.5,0.0,0.0,8.6,146,128,-1.6
Patrick Beverley,27:35,.466,.417,.333,.167,7.4,15.4,10.7,10.9,3.7,3.7,7.2,21.9,109,122,-0.6
Reserves,MP,TS%,eFG%,3PAr,FTr,ORB%,DRB%,TRB%,AST%,STL%,BLK%,TOV%,USG%,ORtg,DRtg,BPM
KJ Martin,26:25,.301,.500,.500,1.500,0.0,10.7,4.5,0.0,1.9,3.9,37.6,8.8,36,127,-10.8
Furkan Korkmaz,22:12,1.019,1.063,.750,.375,0.0,12.7,5.3,24.9,0.0,0.0,0.0,18.3,213,134,19.4
Jaden Springer,21:02,.672,.643,.429,.143,0.0,33.6,14.1,15.3,9.6,0.0,11.8,17.5,132,108,9.7
Paul Reed,9:53,.000,.000,.000,.000,0.0,14.3,6.0,0.0,0.0,0.0,0.0,4.4,0,133,-13.9
Ricky Council IV,1:32,1.000,1.000,.000,.000,0.0,0.0,0.0,0.0,0.0,0.0,0.0,28.4,200,136,20.7
Mo Bamba,Did Not Play
Marcus Morris,Did Not Dress
Terquavion Smith,Did Not Play
Team Totals,240,.568,.535,.353,.247,27.7,76.5,48.1,28.2,14.8,4.3,14.5,100.0,112.9,125.5,
,Basic Box Score Stats
Starters,MP,FG,FGA,FG%,3P,3PA,3P%,FT,FTA,FT%,ORB,DRB,TRB,AST,STL,BLK,TOV,PF,PTS,+/-
Jonathan Kuminga,39:03,11,19,.579,1,3,.333,3,4,.750,2,5,7,2,3,1,3,3,26,+10
Andrew Wiggins,38:19,8,10,.800,1,2,.500,6,6,1.000,0,5,5,4,3,1,1,2,23,+18
Brandin Podziemski,36:33,5,11,.455,1,5,.200,0,1,.000,1,5,6,3,0,0,3,2,11,+15
Stephen Curry,35:12,12,17,.706,8,13,.615,5,5,1.000,1,7,8,7,0,1,5,2,37,+26
Draymond Green,29:04,3,8,.375,2,4,.500,1,1,1.000,1,5,6,6,0,1,2,3,9,+18
Reserves,MP,FG,FGA,FG%,3P,3PA,3P%,FT,FTA,FT%,ORB,DRB,TRB,AST,STL,BLK,TOV,PF,PTS,+/-
Dario Šarić,16:46,0,2,.000,0,1,.000,2,2,1.000,0,2,2,7,0,1,1,3,2,-4
Cory Joseph,13:19,1,4,.250,0,2,.000,0,0,,1,0,1,2,0,0,1,3,2,-10
Trayce Jackson-Davis,12:15,3,5,.600,0,0,,0,0,,2,2,4,0,0,0,0,0,6,-5
Lester Quinones,11:27,1,2,.500,1,2,.500,0,0,,0,0,0,0,0,0,0,2,3,-3
Kevon Looney,8:02,0,1,.000,0,0,,0,0,,0,3,3,1,0,1,0,0,0,-5
Gui Santos,Did Not Play
Klay Thompson,Did Not Play
Team Totals,240,44,79,.557,14,32,.438,17,19,.895,8,34,42,32,6,6,16,20,119,
,Basic Box Score Stats
Starters,MP,FG,FGA,FG%,3P,3PA,3P%,FT,FTA,FT%,ORB,DRB,TRB,AST,STL,BLK,TOV,PF,PTS,+/-
Jonathan Kuminga,8:39,3,5,.600,0,1,.000,0,0,,0,0,0,0,0,0,1,0,6,+1
Andrew Wiggins,9:44,5,5,1.000,0,0,,0,0,,0,3,3,1,0,0,1,0,10,-3
Brandin Podziemski,9:44,0,0,,0,0,,0,0,,0,1,1,0,0,0,1,1,0,-3
Stephen Curry,9:47,3,4,.750,1,2,.500,0,0,,0,2,2,2,0,1,3,1,7,-3
Draymond Green,1:42,0,0,,0,0,,0,0,,0,0,0,0,0,0,0,2,0,+2
Reserves,MP,FG,FGA,FG%,3P,3PA,3P%,FT,FTA,FT%,ORB,DRB,TRB,AST,STL,BLK,TOV,PF,PTS,+/-
Dario Šarić,5:37,0,2,.000,0,1,.000,0,0,,0,1,1,2,0,0,1,0,0,-8
Cory Joseph,2:16,0,0,,0,0,,0,0,,0,0,0,0,0,0,0,0,0,-2
Trayce Jackson-Davis,2:13,0,0,,0,0,,0,0,,0,1,1,0,0,0,0,0,0,-2
Lester Quinones,2:16,0,0,,0,0,,0,0,,0,0,0,0,0,0,0,1,0,-2
Kevon Looney,8:02,0,1,.000,0,0,,0,0,,0,3,3,1,0,1,0,0,0,-5
Gui Santos,Did Not Play
Klay Thompson,Did Not Play
Team Totals,60,11,17,.647,1,4,.250,0,0,,0,11,11,6,0,2,7,5,23,
,Basic Box Score Stats
Starters,MP,FG,FGA,FG%,3P,3PA,3P%,FT,FTA,FT%,ORB,DRB,TRB,AST,STL,BLK,TOV,PF,PTS,+/-
Jonathan Kuminga,9:23,2,3,.667,0,0,,0,0,,0,3,3,1,1,0,0,0,4,+6
Andrew Wiggins,7:19,0,2,.000,0,1,.000,2,2,1.000,0,0,0,0,1,0,0,0,2,+6
Brandin Podziemski,7:19,2,4,.500,1,3,.333,0,0,,1,1,2,2,0,0,1,0,5,+6
Stephen Curry,7:33,1,3,.333,1,3,.333,2,2,1.000,1,1,2,2,0,0,1,0,5,+6
Draymond Green,8:35,3,5,.600,2,3,.667,1,1,1.000,0,3,3,1,0,0,0,0,9,0
Reserves,MP,FG,FGA,FG%,3P,3PA,3P%,FT,FTA,FT%,ORB,DRB,TRB,AST,STL,BLK,TOV,PF,PTS,+/-
Dario Šarić,3:25,0,0,,0,0,,0,0,,0,0,0,2,0,0,0,1,0,+7
Cory Joseph,4:27,1,3,.333,0,1,.000,0,0,,1,0,1,1,0,0,1,2,2,+1
Trayce Jackson-Davis,7:18,1,3,.333,0,0,,0,0,,1,1,2,0,0,0,0,0,2,+2
Lester Quinones,4:41,0,1,.000,0,1,.000,0,0,,0,0,0,0,0,0,0,0,0,+1
Kevon Looney, 
Gui Santos,Did Not Play
Klay Thompson,Did Not Play
Team Totals,60,10,24,.417,4,12,.333,5,5,1.000,4,9,13,9,2,0,3,3,29,
,Basic Box Score Stats
Starters,MP,FG,FGA,FG%,3P,3PA,3P%,FT,FTA,FT%,ORB,DRB,TRB,AST,STL,BLK,TOV,PF,PTS,+/-
Jonathan Kuminga,18:02,5,8,.625,0,1,.000,0,0,,0,3,3,1,1,0,1,0,10,+7
Andrew Wiggins,17:03,5,7,.714,0,1,.000,2,2,1.000,0,3,3,1,1,0,1,0,12,+3
Brandin Podziemski,17:03,2,4,.500,1,3,.333,0,0,,1,2,3,2,0,0,2,1,5,+3
Stephen Curry,17:20,4,7,.571,2,5,.400,2,2,1.000,1,3,4,4,0,1,4,1,12,+3
Draymond Green,10:17,3,5,.600,2,3,.667,1,1,1.000,0,3,3,1,0,0,0,2,9,+2
Reserves,MP,FG,FGA,FG%,3P,3PA,3P%,FT,FTA,FT%,ORB,DRB,TRB,AST,STL,BLK,TOV,PF,PTS,+/-
Dario Šarić,9:02,0,2,.000,0,1,.000,0,0,,0,1,1,4,0,0,1,1,0,-1
Cory Joseph,6:43,1,3,.333,0,1,.000,0,0,,1,0,1,1,0,0,1,2,2,-1
Trayce Jackson-Davis,9:31,1,3,.333,0,0,,0,0,,1,2,3,0,0,0,0,0,2,0
Lester Quinones,6:57,0,1,.000,0,1,.000,0,0,,0,0,0,0,0,0,0,1,0,-1
Kevon Looney,8:02,0,1,.000,0,0,,0,0,,0,3,3,1,0,1,0,0,0,-5
Gui Santos,Did Not Play
Klay Thompson,Did Not Play
Team Totals,120,21,41,.512,5,16,.312,5,5,1.000,4,20,24,15,2,2,10,8,52,
,Basic Box Score Stats
Starters,MP,FG,FGA,FG%,3P,3PA,3P%,FT,FTA,FT%,ORB,DRB,TRB,AST,STL,BLK,TOV,PF,PTS,+/-
Jonathan Kuminga,9:01,2,6,.333,0,0,,0,0,,1,1,2,0,0,1,0,1,4,0
Andrew Wiggins,9:16,1,1,1.000,0,0,,2,2,1.000,0,2,2,1,1,1,0,1,4,+12
Brandin Podziemski,7:30,1,2,.500,0,0,,0,1,.000,0,2,2,0,0,0,1,0,2,+9
Stephen Curry,9:22,5,7,.714,4,6,.667,1,1,1.000,0,3,3,1,0,0,1,1,15,+14
Draymond Green,9:16,0,3,.000,0,1,.000,0,0,,1,1,2,4,0,0,0,0,0,+12
Reserves,MP,FG,FGA,FG%,3P,3PA,3P%,FT,FTA,FT%,ORB,DRB,TRB,AST,STL,BLK,TOV,PF,PTS,+/-
Dario Šarić,5:15,0,0,,0,0,,2,2,1.000,0,1,1,1,0,1,0,2,2,-2
Cory Joseph,3:06,0,1,.000,0,1,.000,0,0,,0,0,0,1,0,0,0,1,0,-3
Trayce Jackson-Davis,2:44,2,2,1.000,0,0,,0,0,,1,0,1,0,0,0,0,0,4,-5
Lester Quinones,4:30,1,1,1.000,1,1,1.000,0,0,,0,0,0,0,0,0,0,1,3,-2
Kevon Looney, 
Gui Santos,Did Not Play
Klay Thompson,Did Not Play
Team Totals,60,12,23,.522,5,9,.556,5,6,.833,3,10,13,8,1,3,2,7,34,
,Basic Box Score Stats
Starters,MP,FG,FGA,FG%,3P,3PA,3P%,FT,FTA,FT%,ORB,DRB,TRB,AST,STL,BLK,TOV,PF,PTS,+/-
Jonathan Kuminga,12:00,4,5,.800,1,2,.500,3,4,.750,1,1,2,1,2,0,2,2,12,+3
Andrew Wiggins,12:00,2,2,1.000,1,1,1.000,2,2,1.000,0,0,0,2,1,0,0,1,7,+3
Brandin Podziemski,12:00,2,5,.400,0,2,.000,0,0,,0,1,1,1,0,0,0,1,4,+3
Stephen Curry,8:30,3,3,1.000,2,2,1.000,2,2,1.000,0,1,1,2,0,0,0,0,10,+9
Draymond Green,9:31,0,0,,0,0,,0,0,,0,1,1,1,0,1,2,1,0,+4
Reserves,MP,FG,FGA,FG%,3P,3PA,3P%,FT,FTA,FT%,ORB,DRB,TRB,AST,STL,BLK,TOV,PF,PTS,+/-
Dario Šarić,2:29,0,0,,0,0,,0,0,,0,0,0,2,0,0,0,0,0,-1
Cory Joseph,3:30,0,0,,0,0,,0,0,,0,0,0,0,0,0,0,0,0,-6
Trayce Jackson-Davis, 
Lester Quinones, 
Kevon Looney, 
Gui Santos,Did Not Play
Klay Thompson,Did Not Play
Team Totals,60,11,15,.733,4,7,.571,7,8,.875,1,4,5,9,3,1,4,5,33,
,Basic Box Score Stats
Starters,MP,FG,FGA,FG%,3P,3PA,3P%,FT,FTA,FT%,ORB,DRB,TRB,AST,STL,BLK,TOV,PF,PTS,+/-
Jonathan Kuminga,21:01,6,11,.545,1,2,.500,3,4,.750,2,2,4,1,2,1,2,3,16,+3
Andrew Wiggins,21:16,3,3,1.000,1,1,1.000,4,4,1.000,0,2,2,3,2,1,0,2,11,+15
Brandin Podziemski,19:30,3,7,.429,0,2,.000,0,1,.000,0,3,3,1,0,0,1,1,6,+12
Stephen Curry,17:52,8,10,.800,6,8,.750,3,3,1.000,0,4,4,3,0,0,1,1,25,+23
Draymond Green,18:47,0,3,.000,0,1,.000,0,0,,1,2,3,5,0,1,2,1,0,+16
Reserves,MP,FG,FGA,FG%,3P,3PA,3P%,FT,FTA,FT%,ORB,DRB,TRB,AST,STL,BLK,TOV,PF,PTS,+/-
Dario Šarić,7:44,0,0,,0,0,,2,2,1.000,0,1,1,3,0,1,0,2,2,-3
Cory Joseph,6:36,0,1,.000,0,1,.000,0,0,,0,0,0,1,0,0,0,1,0,-9
Trayce Jackson-Davis,2:44,2,2,1.000,0,0,,0,0,,1,0,1,0,0,0,0,0,4,-5
Lester Quinones,4:30,1,1,1.000,1,1,1.000,0,0,,0,0,0,0,0,0,0,1,3,-2
Kevon Looney, 
Gui Santos,Did Not Play
Klay Thompson,Did Not Play
Team Totals,120,23,38,.605,9,16,.562,12,14,.857,4,14,18,17,4,4,6,12,67,
,Advanced Box Score Stats
Starters,MP,TS%,eFG%,3PAr,FTr,ORB%,DRB%,TRB%,AST%,STL%,BLK%,TOV%,USG%,ORtg,DRtg,BPM
Jonathan Kuminga,39:03,.626,.605,.158,.211,7.2,13.1,10.6,8.1,3.9,2.2,12.6,28.3,114,107,-0.8
Andrew Wiggins,38:19,.910,.850,.200,.600,0.0,13.3,7.7,14.7,4.0,2.3,7.3,16.5,175,107,11.4
Brandin Podziemski,36:33,.481,.500,.455,.091,3.9,14.0,9.7,10.5,0.0,0.0,20.8,18.3,88,117,-10.4
Stephen Curry,35:12,.964,.941,.765,.294,4.0,20.3,13.5,34.5,0.0,2.5,20.7,31.9,146,113,17.4
Draymond Green,29:04,.533,.500,.500,.125,4.9,17.6,12.2,25.4,0.0,3.0,19.2,16.7,116,114,-1.6
Reserves,MP,TS%,eFG%,3PAr,FTr,ORB%,DRB%,TRB%,AST%,STL%,BLK%,TOV%,USG%,ORtg,DRtg,BPM
Dario Šarić,16:46,.347,.000,.500,1.000,0.0,12.2,7.1,45.5,0.0,5.2,25.8,10.7,128,114,3.9
Cory Joseph,13:19,.250,.250,.500,.000,10.6,0.0,4.5,17.8,0.0,0.0,20.0,17.4,80,121,-17.2
Trayce Jackson-Davis,12:15,.600,.600,.000,.000,23.0,16.7,19.3,0.0,0.0,0.0,0.0,19.0,136,116,-4.4
Lester Quinones,11:27,.750,.750,1.000,.000,0.0,0.0,0.0,0.0,0.0,0.0,0.0,8.1,140,121,-6.4
Kevon Looney,8:02,.000,.000,.000,.000,0.0,38.1,22.1,13.6,0.0,10.9,0.0,5.8,68,102,0.2
Gui Santos,Did Not Play
Klay Thompson,Did Not Play
Team Totals,240,.681,.646,.405,.241,23.5,72.3,51.9,72.7,6.3,10.9,15.5,100.0,125.5,112.9,
